---
associated_datasets_001:
  id: 1000000
  dataset_id: 1000009
  workspace_id: 1000008
  created_at: 2015-11-13 22:10:41.630000000 Z
  updated_at: 2015-11-13 22:10:41.630000000 Z
  legacy_id:
  deleted_at:
associated_datasets_002:
  id: 1000001
  dataset_id: 1000010
  workspace_id: 1000008
  created_at: 2015-11-13 22:10:41.651000000 Z
  updated_at: 2015-11-13 22:10:41.651000000 Z
  legacy_id:
  deleted_at:
associated_datasets_003:
  id: 1000002
  dataset_id: 1000031
  workspace_id: 1000008
  created_at: 2015-11-13 22:11:01.788000000 Z
  updated_at: 2015-11-13 22:11:01.788000000 Z
  legacy_id:
  deleted_at:
