---
import_templates_001:
  id: 1000000
  destination_id: 1000030
  source_id: 1000005
  destination_name:
  truncate: true
  row_limit: 987
  created_at: 2015-11-13 22:10:59.188000000 Z
  updated_at: 2015-11-13 22:10:59.188000000 Z
