---
default:
  id: 1000000
  user_id: 1000007
  contents_file_name: test.csv
  contents_content_type: text/plain
  contents_file_size: 2081
  contents_updated_at: 2015-11-13 22:11:00.929000000 Z
  created_at: 2015-11-13 22:11:00.933000000 Z
  updated_at: 2015-11-13 22:11:00.933000000 Z
